 -1.3697E-05  0.0000E+00
  9.9999E-01  1.5022E-04
  2.0000E+00  3.0044E-04
  3.0000E+00  4.5067E-04
  4.0000E+00  6.0089E-04
  5.0000E+00  9.4552E-04
  6.0000E+00  1.0752E-03
  7.0000E+00  1.2050E-03
  8.0000E+00  1.4701E-03
  9.0000E+00  1.6208E-03
  1.0000E+01  1.7546E-03
  1.1000E+01  1.9601E-03
  1.2000E+01  2.1378E-03
  1.3000E+01  2.2814E-03
  1.4000E+01  2.4153E-03
  1.5000E+01  2.6154E-03
  1.6000E+01  2.7652E-03
  1.7000E+01  2.9050E-03
  1.8000E+01  3.0494E-03
  1.9000E+01  3.1997E-03
  2.0000E+01  3.3371E-03
  2.1000E+01  3.4740E-03
  2.2000E+01  3.5928E-03
  2.3000E+01  3.7065E-03
  2.4000E+01  3.8375E-03
  2.5000E+01  3.9712E-03
  2.6000E+01  4.0665E-03
  2.7000E+01  4.1350E-03
  2.8000E+01  4.2863E-03
  2.9000E+01  4.4148E-03
  3.0000E+01  4.5581E-03
  3.1000E+01  4.5186E-03
  3.2000E+01  4.6123E-03
  3.3000E+01  4.7366E-03
  3.4000E+01  4.8801E-03
  3.5000E+01  4.8801E-03
  3.6000E+01  4.8549E-03
  3.7000E+01  4.9750E-03
  3.8000E+01  5.1143E-03
  3.9000E+01  5.2635E-03
  4.0000E+01  5.2075E-03
  4.1000E+01  5.1427E-03
  4.2000E+01  5.2750E-03
  4.3000E+01  5.4251E-03
  4.4000E+01  5.5752E-03
  4.5000E+01  5.4979E-03
  4.6000E+01  5.4470E-03
  4.7000E+01  5.5325E-03
  4.8000E+01  5.6853E-03
  4.9000E+01  5.7400E-03
  5.0000E+01  5.7760E-03
  5.1000E+01  5.8521E-03
  5.2000E+01  5.9142E-03
  5.3000E+01  5.8930E-03
  5.4000E+01  5.9299E-03
  5.5000E+01  6.0291E-03
  5.6000E+01  6.1302E-03
  5.7000E+01  6.1912E-03
  5.8000E+01  6.2010E-03
  5.9000E+01  6.2539E-03
  6.0000E+01  6.2529E-03
  6.1000E+01  6.3015E-03
  6.2000E+01  6.3832E-03
  6.3000E+01  6.4693E-03
  6.4000E+01  6.5637E-03
  6.5000E+01  6.5949E-03
  6.6000E+01  6.6612E-03
  6.7000E+01  6.7183E-03
  6.8000E+01  6.7184E-03
  6.9000E+01  6.8047E-03
  7.0000E+01  6.9049E-03
  7.1000E+01  7.0041E-03
  7.2000E+01  7.0993E-03
  7.3000E+01  7.2047E-03
  7.4000E+01  7.3048E-03
  7.5000E+01  7.4162E-03
  7.6000E+01  7.5088E-03
  7.7000E+01  7.6111E-03
  7.8000E+01  7.8044E-03
  7.9000E+01  7.9769E-03
  8.0000E+01  8.2670E-03
  8.1000E+01  8.5555E-03
  8.2000E+01  9.0301E-03
  8.3000E+01  9.9056E-03
  8.4000E+01  1.1108E-02
  8.5000E+01  1.0343E-02
  8.6000E+01  9.3370E-03
  8.7000E+01  7.7542E-03
  8.8000E+01  7.6226E-03
  8.9000E+01  7.4902E-03
  9.0000E+01  7.3527E-03
  9.1000E+01  7.2093E-03
  9.2000E+01  7.0645E-03
  9.3000E+01  6.8932E-03
  9.4000E+01  6.7144E-03
  9.5000E+01  6.4853E-03
  9.6000E+01  6.2216E-03
  9.7000E+01  6.1311E-03
  9.8000E+01  6.0759E-03
  9.9000E+01  6.0192E-03
  1.0000E+02  5.9607E-03
  1.0100E+02  5.8994E-03
  1.0200E+02  5.8376E-03
  1.0300E+02  5.7733E-03
  1.0400E+02  5.7062E-03
  1.0500E+02  5.6350E-03
  1.0600E+02  5.5532E-03
  1.0700E+02  5.4671E-03
  1.0800E+02  5.3273E-03
  1.0900E+02  5.2568E-03
  1.1000E+02  5.2231E-03
  1.1100E+02  5.1889E-03
  1.1200E+02  5.1545E-03
  1.1300E+02  5.1201E-03
  1.1400E+02  5.0851E-03
  1.1500E+02  5.0472E-03
  1.1600E+02  5.0080E-03
  1.1700E+02  4.9684E-03
  1.1800E+02  4.9347E-03
  1.1900E+02  4.8858E-03
  1.2000E+02  4.8278E-03
  1.2100E+02  4.7972E-03
  1.2200E+02  4.7606E-03
  1.2300E+02  4.7196E-03
  1.2400E+02  4.6689E-03
  1.2500E+02  4.6455E-03
  1.2600E+02  4.6217E-03
  1.2700E+02  4.5980E-03
  1.2800E+02  4.5807E-03
  1.2900E+02  4.5533E-03
  1.3000E+02  4.5252E-03
  1.3100E+02  4.4972E-03
  1.3200E+02  4.4523E-03
  1.3300E+02  4.4257E-03
  1.3400E+02  4.4056E-03
  1.3500E+02  4.3851E-03
  1.3600E+02  4.3646E-03
  1.3700E+02  4.3422E-03
  1.3800E+02  4.3197E-03
  1.3900E+02  4.2956E-03
  1.4000E+02  4.2707E-03
  1.4100E+02  4.2478E-03
  1.4200E+02  4.2309E-03
  1.4300E+02  4.2122E-03
  1.4400E+02  4.1874E-03
  1.4500E+02  4.1626E-03
  1.4600E+02  4.1348E-03
  1.4700E+02  4.1222E-03
  1.4800E+02  4.1097E-03
  1.4900E+02  4.0961E-03
  1.5000E+02  4.0811E-03
  1.5100E+02  4.0652E-03
  1.5200E+02  4.0490E-03
  1.5300E+02  4.0329E-03
  1.5400E+02  4.0167E-03
  1.5500E+02  3.9979E-03
  1.5600E+02  3.9772E-03
  1.5700E+02  3.9557E-03
  1.5800E+02  3.9280E-03
  1.5900E+02  3.8953E-03
  1.6000E+02  3.8835E-03
  1.6100E+02  3.8719E-03
  1.6200E+02  3.8682E-03
  1.6300E+02  3.8597E-03
  1.6400E+02  3.8511E-03
  1.6500E+02  3.8421E-03
  1.6600E+02  3.8314E-03
  1.6700E+02  3.8191E-03
  1.6800E+02  3.8081E-03
  1.6900E+02  3.7967E-03
  1.7000E+02  3.7848E-03
  1.7100E+02  3.7699E-03
  1.7200E+02  3.7531E-03
  1.7300E+02  3.7270E-03
  1.7400E+02  3.7170E-03
  1.7500E+02  3.7061E-03
  1.7600E+02  3.6947E-03
  1.7700E+02  3.6848E-03
  1.7800E+02  3.6748E-03
  1.7900E+02  3.6647E-03
  1.8000E+02  3.6547E-03
  1.8100E+02  3.6446E-03
  1.8200E+02  3.6346E-03
  1.8300E+02  3.6241E-03
  1.8400E+02  3.6178E-03
  1.8500E+02  3.6091E-03
  1.8600E+02  3.5981E-03
  1.8700E+02  3.5786E-03
  1.8800E+02  3.5637E-03
  1.8900E+02  3.5567E-03
  1.9000E+02  3.5490E-03
  1.9100E+02  3.5410E-03
  1.9200E+02  3.5322E-03
  1.9300E+02  3.5225E-03
  1.9400E+02  3.5145E-03
  1.9500E+02  3.5052E-03
  1.9600E+02  3.4956E-03
  1.9700E+02  3.4861E-03
  1.9800E+02  3.4761E-03
  1.9900E+02  3.4660E-03
  2.0000E+02  3.4531E-03
  2.0100E+02  3.4396E-03
  2.0200E+02  3.4175E-03
  2.0300E+02  3.4100E-03
  2.0400E+02  3.4025E-03
  2.0500E+02  3.3991E-03
  2.0600E+02  3.3938E-03
  2.0700E+02  3.3885E-03
  2.0800E+02  3.3817E-03
  2.0900E+02  3.3740E-03
  2.1000E+02  3.3709E-03
  2.1100E+02  3.3644E-03
  2.1200E+02  3.3567E-03
  2.1300E+02  3.3484E-03
  2.1400E+02  3.3391E-03
  2.1500E+02  3.3297E-03
  2.1600E+02  3.3173E-03
  2.1700E+02  3.3002E-03
  2.1800E+02  3.2935E-03
  2.1900E+02  3.2876E-03
  2.2000E+02  3.2815E-03
  2.2100E+02  3.2745E-03
  2.2200E+02  3.2670E-03
  2.2300E+02  3.2587E-03
  2.2400E+02  3.2502E-03
  2.2500E+02  3.2413E-03
  2.2600E+02  3.2313E-03
  2.2700E+02  3.2279E-03
  2.2800E+02  3.2216E-03
  2.2900E+02  3.2132E-03
  2.3000E+02  3.2038E-03
  2.3100E+02  3.1939E-03
  2.3200E+02  3.1775E-03
  2.3300E+02  3.1709E-03
  2.3400E+02  3.1642E-03
  2.3500E+02  3.1576E-03
  2.3600E+02  3.1509E-03
  2.3700E+02  3.1440E-03
  2.3800E+02  3.1370E-03
  2.3900E+02  3.1289E-03
  2.4000E+02  3.1202E-03
  2.4100E+02  3.1105E-03
  2.4200E+02  3.0991E-03
  2.4300E+02  3.0900E-03
  2.4400E+02  3.0808E-03
  2.4500E+02  3.0709E-03
  2.4600E+02  3.0558E-03
  2.4700E+02  3.0431E-03
  2.4800E+02  3.0384E-03
  2.4900E+02  3.0349E-03
  2.5000E+02  3.0298E-03
  2.5100E+02  3.0243E-03
  2.5200E+02  3.0187E-03
  2.5300E+02  3.0124E-03
  2.5400E+02  3.0050E-03
  2.5500E+02  2.9976E-03
  2.5600E+02  2.9876E-03
  2.5700E+02  2.9767E-03
  2.5800E+02  2.9665E-03
  2.5900E+02  2.9566E-03
  2.6000E+02  2.9467E-03
  2.6100E+02  2.9310E-03
  2.6200E+02  2.9234E-03
  2.6300E+02  2.9159E-03
  2.6400E+02  2.9083E-03
  2.6500E+02  2.9008E-03
  2.6600E+02  2.8922E-03
  2.6700E+02  2.8822E-03
  2.6800E+02  2.8721E-03
  2.6900E+02  2.8621E-03
  2.7000E+02  2.8542E-03
  2.7100E+02  2.8409E-03
  2.7200E+02  2.8324E-03
  2.7300E+02  2.8226E-03
  2.7400E+02  2.8100E-03
  2.7500E+02  2.7974E-03
  2.7600E+02  2.7873E-03
  2.7700E+02  2.7778E-03
  2.7800E+02  2.7684E-03
  2.7900E+02  2.7589E-03
  2.8000E+02  2.7494E-03
  2.8100E+02  2.7399E-03
  2.8200E+02  2.7289E-03
  2.8300E+02  2.7169E-03
  2.8400E+02  2.7050E-03
  2.8500E+02  2.6933E-03
  2.8600E+02  2.6823E-03
  2.8700E+02  2.6712E-03
  2.8800E+02  2.6621E-03
  2.8900E+02  2.6530E-03
  2.9000E+02  2.6404E-03
  2.9100E+02  2.6277E-03
  2.9200E+02  2.6151E-03
  2.9300E+02  2.6027E-03
  2.9400E+02  2.5903E-03
  2.9500E+02  2.5780E-03
  2.9600E+02  2.5891E-03
  2.9700E+02  2.5782E-03
  2.9800E+02  2.5674E-03
  2.9900E+02  2.5565E-03
  3.0000E+02  2.5396E-03
  3.0100E+02  2.5131E-03
  3.0200E+02  2.4866E-03
  3.0300E+02  2.4602E-03
  3.0400E+02  2.4337E-03
  3.0500E+02  1.9609E-03
  3.0600E+02  1.9691E-03
  3.0700E+02  1.9774E-03
  3.0800E+02  1.9856E-03
  3.0900E+02  1.9939E-03
  3.1000E+02  2.0022E-03
  3.1100E+02  2.0103E-03
  3.1200E+02  2.0184E-03
  3.1300E+02  2.0244E-03
  3.1400E+02  2.0312E-03
  3.1500E+02  2.0387E-03
  3.1600E+02  2.0467E-03
  3.1700E+02  2.0548E-03
  3.1800E+02  2.0630E-03
  3.1900E+02  2.0714E-03
  3.2000E+02  2.0799E-03
  3.2100E+02  2.0883E-03
  3.2200E+02  2.0968E-03
  3.2300E+02  2.1054E-03
  3.2400E+02  2.1140E-03
  3.2500E+02  2.1226E-03
  3.2600E+02  2.1312E-03
  3.2700E+02  2.1413E-03
  3.2800E+02  2.1524E-03
  3.2900E+02  2.1637E-03
  3.3000E+02  2.1742E-03
  3.3100E+02  2.1836E-03
  3.3200E+02  2.1931E-03
  3.3300E+02  2.2025E-03
  3.3400E+02  2.2119E-03
  3.3500E+02  2.2164E-03
  3.3600E+02  2.2232E-03
  3.3700E+02  2.2323E-03
  3.3800E+02  2.2416E-03
  3.3900E+02  2.2514E-03
  3.4000E+02  2.2609E-03
  3.4100E+02  2.2704E-03
  3.4200E+02  2.2799E-03
  3.4300E+02  2.2896E-03
  3.4400E+02  2.2994E-03
  3.4500E+02  2.3091E-03
  3.4600E+02  2.3189E-03
  3.4700E+02  2.3286E-03
  3.4800E+02  2.8487E-03
  3.4900E+02  2.9048E-03
  3.5000E+02  2.9610E-03
  3.5100E+02  3.0172E-03
  3.5200E+02  3.0734E-03
  3.5300E+02  3.1126E-03
  3.5400E+02  3.1427E-03
  3.5500E+02  3.1727E-03
  3.5600E+02  3.2027E-03
  3.5700E+02  3.2326E-03
  3.5800E+02  3.2676E-03
  3.5900E+02  3.3078E-03
  3.6000E+02  3.3479E-03
  3.6100E+02  3.3882E-03
  3.6200E+02  3.4286E-03
  3.6300E+02  3.4691E-03
  3.6400E+02  3.4977E-03
  3.6500E+02  3.5334E-03
  3.6600E+02  3.5892E-03
  3.6700E+02  3.6412E-03
  3.6800E+02  3.6929E-03
  3.6900E+02  3.7311E-03
  3.7000E+02  3.7694E-03
  3.7100E+02  3.8073E-03
  3.7200E+02  3.8447E-03
  3.7300E+02  3.8822E-03
  3.7400E+02  3.9197E-03
  3.7500E+02  3.9564E-03
  3.7600E+02  4.0335E-03
  3.7700E+02  4.0794E-03
  3.7800E+02  4.1231E-03
  3.7900E+02  4.1660E-03
  3.8000E+02  4.2069E-03
  3.8100E+02  4.2489E-03
  3.8200E+02  4.2858E-03
  3.8300E+02  4.3226E-03
  3.8400E+02  4.3595E-03
  3.8500E+02  4.3965E-03
  3.8600E+02  4.4699E-03
  3.8700E+02  4.5432E-03
  3.8800E+02  4.5970E-03
  3.8900E+02  4.6407E-03
  3.9000E+02  4.6842E-03
  3.9100E+02  4.7246E-03
  3.9200E+02  4.7650E-03
  3.9300E+02  4.8055E-03
  3.9400E+02  4.8451E-03
  3.9500E+02  4.9367E-03
  3.9600E+02  4.9970E-03
  3.9700E+02  5.0563E-03
  3.9800E+02  5.1150E-03
  3.9900E+02  5.1734E-03
  4.0000E+02  5.2197E-03
  4.0100E+02  5.2638E-03
  4.0200E+02  5.3023E-03
  4.0300E+02  5.3411E-03
  4.0400E+02  5.4265E-03
  4.0500E+02  5.5232E-03
  4.0600E+02  5.5872E-03
  4.0700E+02  5.6423E-03
  4.0800E+02  5.6929E-03
  4.0900E+02  5.7434E-03
  4.1000E+02  5.7940E-03
  4.1100E+02  5.8551E-03
  4.1200E+02  5.9836E-03
  4.1300E+02  6.0671E-03
  4.1400E+02  6.1484E-03
  4.1500E+02  6.2292E-03
  4.1600E+02  6.2850E-03
  4.1700E+02  6.3343E-03
  4.1800E+02  6.3825E-03
  4.1900E+02  6.4682E-03
  4.2000E+02  6.6091E-03
  4.2100E+02  6.7052E-03
  4.2200E+02  6.7736E-03
  4.2300E+02  6.8381E-03
  4.2400E+02  6.8968E-03
  4.2500E+02  6.9605E-03
  4.2600E+02  7.1841E-03
  4.2700E+02  7.2965E-03
  4.2800E+02  7.4091E-03
  4.2900E+02  7.5207E-03
  4.3000E+02  7.5791E-03
  4.3100E+02  7.6827E-03
  4.3200E+02  7.9077E-03
  4.3300E+02  8.0581E-03
  4.3400E+02  8.1442E-03
  4.3500E+02  8.2207E-03
  4.3600E+02  8.5247E-03
  4.3700E+02  8.6880E-03
  4.3800E+02  8.8878E-03
  4.3900E+02  9.0383E-03
  4.4000E+02  9.3410E-03
  4.4100E+02  9.7811E-03
  4.4200E+02  9.9223E-03
  4.4300E+02  1.0695E-02
  4.4400E+02  1.0985E-02
  4.4500E+02  1.1706E-02
  4.4600E+02  1.3391E-02
  4.4700E+02  1.2897E-02
  4.4800E+02  1.1967E-02
  4.4900E+02  1.1453E-02
  4.5000E+02  1.1176E-02
  4.5100E+02  1.1340E-02
  4.5200E+02  1.1597E-02
  4.5300E+02  1.1891E-02
  4.5400E+02  1.0158E-02
  4.5500E+02  8.8193E-03
  4.5600E+02  9.3029E-03
  4.5700E+02  1.0096E-02
  4.5800E+02  1.0353E-02
  4.5900E+02  1.0754E-02
  4.6000E+02  1.2195E-02
  4.6100E+02  1.1928E-02
  4.6200E+02  1.0383E-02
  4.6300E+02  1.0306E-02
  4.6400E+02  1.0206E-02
  4.6500E+02  1.0107E-02
  4.6600E+02  9.8730E-03
  4.6700E+02  9.3706E-03
  4.6800E+02  8.9834E-03
  4.6900E+02  8.5724E-03
  4.7000E+02  8.4203E-03
  4.7100E+02  9.0310E-03
  4.7200E+02  7.8134E-03
  4.7300E+02  7.9993E-03
  4.7400E+02  7.9726E-03
  4.7500E+02  7.7721E-03
  4.7600E+02  7.5337E-03
  4.7700E+02  7.4396E-03
  4.7800E+02  7.3456E-03
  4.7900E+02  7.2557E-03
  4.8000E+02  7.1075E-03
  4.8100E+02  6.9587E-03
  4.8200E+02  6.9026E-03
  4.8300E+02  7.3419E-03
  4.8400E+02  7.7813E-03
  4.8500E+02  6.7511E-03
  4.8600E+02  6.8986E-03
  4.8700E+02  7.0013E-03
  4.8800E+02  7.1188E-03
  4.8900E+02  7.2188E-03
  4.9000E+02  7.3406E-03
  4.9100E+02  7.4297E-03
  4.9200E+02  6.8333E-03
  4.9300E+02  6.4730E-03
  4.9400E+02  6.5341E-03
  4.9500E+02  6.7369E-03
  4.9600E+02  7.0665E-03
  4.9700E+02  7.0041E-03
  4.9800E+02  6.9418E-03
  4.9900E+02  6.8714E-03
  5.0000E+02  6.7988E-03
  5.0100E+02  6.6996E-03
  5.0200E+02  6.6487E-03
  5.0300E+02  6.6108E-03
  5.0400E+02  6.5751E-03
  5.0500E+02  6.5395E-03
  5.0600E+02  6.5023E-03
  5.0700E+02  6.4705E-03
  5.0800E+02  6.4240E-03
  5.0900E+02  6.2943E-03
  5.1000E+02  6.2652E-03
  5.1100E+02  6.2400E-03
  5.1200E+02  6.2137E-03
  5.1300E+02  6.1847E-03
  5.1400E+02  6.1557E-03
  5.1500E+02  6.1267E-03
  5.1600E+02  6.0957E-03
  5.1700E+02  6.0491E-03
  5.1800E+02  6.0218E-03
  5.1900E+02  6.0004E-03
  5.2000E+02  5.9793E-03
  5.2100E+02  5.9581E-03
  5.2200E+02  5.9369E-03
  5.2300E+02  5.9157E-03
  5.2400E+02  5.8941E-03
  5.2500E+02  5.8714E-03
  5.2600E+02  5.8488E-03
  5.2700E+02  5.8288E-03
  5.2800E+02  5.8087E-03
  5.2900E+02  5.7885E-03
  5.3000E+02  5.7683E-03
  5.3100E+02  5.7478E-03
  5.3200E+02  5.7252E-03
  5.3300E+02  5.7005E-03
  5.3400E+02  5.6760E-03
  5.3500E+02  5.6446E-03
  5.3600E+02  5.6284E-03
  5.3700E+02  5.6122E-03
  5.3800E+02  5.5960E-03
  5.3900E+02  5.5827E-03
  5.4000E+02  5.5724E-03
  5.4100E+02  5.5575E-03
  5.4200E+02  5.5393E-03
  5.4300E+02  5.5253E-03
  5.4400E+02  5.5115E-03
  5.4500E+02  5.4977E-03
  5.4600E+02  5.4832E-03
  5.4700E+02  5.4687E-03
  5.4800E+02  5.4531E-03
  5.4900E+02  5.4373E-03
  5.5000E+02  5.4215E-03
  5.5100E+02  5.4058E-03
  5.5200E+02  5.3879E-03
  5.5300E+02  5.3658E-03
  5.5400E+02  5.3517E-03
  5.5500E+02  5.3388E-03
  5.5600E+02  5.3259E-03
  5.5700E+02  5.3129E-03
  5.5800E+02  5.3003E-03
  5.5900E+02  5.2874E-03
  5.6000E+02  5.2757E-03
  5.6100E+02  5.2653E-03
  5.6200E+02  5.2528E-03
  5.6300E+02  5.2400E-03
  5.6400E+02  5.2286E-03
  5.6500E+02  5.2186E-03
  5.6600E+02  5.2085E-03
  5.6700E+02  5.1984E-03
  5.6800E+02  5.1884E-03
  5.6900E+02  5.1778E-03
  5.7000E+02  5.1671E-03
  5.7100E+02  5.2212E-03
  5.7200E+02  5.2432E-03
  5.7300E+02  5.2728E-03
  5.7400E+02  5.3099E-03
  5.7500E+02  5.3486E-03
  5.7600E+02  5.3867E-03
  5.7700E+02  5.4461E-03
  5.7800E+02  5.5208E-03
  5.7900E+02  5.5959E-03
  5.8000E+02  5.7704E-03
  5.8100E+02  5.9707E-03
  5.8200E+02  6.3024E-03
  5.8300E+02  6.6408E-03
  5.8400E+02  6.9792E-03
  5.8500E+02  7.3178E-03
  5.8600E+02  7.0150E-03
  5.8700E+02  6.2476E-03
  5.8800E+02  5.3111E-03
  5.8900E+02  4.6425E-03
  5.9000E+02  3.6582E-03
  5.9100E+02  2.3985E-03
  5.9200E+02  1.9031E-03
  5.9300E+02  1.6830E-03
  5.9400E+02  1.5908E-03
  5.9500E+02  1.5843E-03
  5.9600E+02  1.5784E-03
  5.9700E+02  1.5727E-03
  5.9800E+02  1.6747E-03
  5.9900E+02  2.6014E-03
  6.0000E+02  3.0839E-03
  6.0100E+02  4.2617E-03
  6.0200E+02  5.3318E-03
  6.0300E+02  6.6308E-03
  6.0400E+02  8.3059E-03
  6.0500E+02  9.8890E-03
  6.0600E+02  6.9526E-03
  6.0700E+02  6.2435E-03
  6.0800E+02  5.6952E-03
  6.0900E+02  5.4941E-03
  6.1000E+02  5.2930E-03
  6.1100E+02  5.0987E-03
  6.1200E+02  4.9806E-03
  6.1300E+02  4.9431E-03
  6.1400E+02  4.9248E-03
  6.1500E+02  4.9077E-03
  6.1600E+02  4.8864E-03
  6.1700E+02  4.8643E-03
  6.1800E+02  4.8422E-03
  6.1900E+02  4.8202E-03
  6.2000E+02  4.7997E-03
  6.2100E+02  4.7792E-03
  6.2200E+02  4.7773E-03
  6.2300E+02  4.7752E-03
  6.2400E+02  4.7629E-03
  6.2500E+02  4.7478E-03
  6.2600E+02  4.7363E-03
  6.2700E+02  4.7280E-03
  6.2800E+02  4.7202E-03
  6.2900E+02  4.7126E-03
  6.3000E+02  4.7267E-03
  6.3100E+02  4.7174E-03
  6.3200E+02  4.7083E-03
  6.3300E+02  4.7037E-03
  6.3400E+02  4.7030E-03
  6.3500E+02  4.7044E-03
  6.3600E+02  4.7116E-03
  6.3700E+02  4.7284E-03
  6.3800E+02  4.7109E-03
  6.3900E+02  4.6941E-03
  6.4000E+02  4.6923E-03
  6.4100E+02  4.6988E-03
  6.4200E+02  4.6979E-03
  6.4300E+02  4.6787E-03
  6.4400E+02  4.6606E-03
  6.4500E+02  4.6422E-03
  6.4600E+02  4.6434E-03
  6.4700E+02  4.6733E-03
  6.4800E+02  4.6885E-03
  6.4900E+02  4.6683E-03
  6.5000E+02  4.6516E-03
  6.5100E+02  4.6916E-03
  6.5200E+02  4.6531E-03
  6.5300E+02  4.6147E-03
  6.5400E+02  4.5770E-03
  6.5500E+02  4.7114E-03
  6.5600E+02  4.6816E-03
  6.5700E+02  4.6580E-03
  6.5800E+02  4.5780E-03
  6.5900E+02  4.4847E-03
  6.6000E+02  3.4036E-03
  6.6100E+02  3.4113E-03
  6.6200E+02  3.4219E-03
  6.6300E+02  3.4320E-03
  6.6400E+02  3.4319E-03
  6.6500E+02  3.4317E-03
  6.6600E+02  3.4314E-03
  6.6700E+02  3.4312E-03
  6.6800E+02  3.4318E-03
  6.6900E+02  3.4331E-03
  6.7000E+02  3.4348E-03
  6.7100E+02  3.4369E-03
  6.7200E+02  3.4431E-03
  6.7300E+02  3.4497E-03
  6.7400E+02  3.4699E-03
  6.7500E+02  3.4695E-03
  6.7600E+02  3.4670E-03
  6.7700E+02  3.4658E-03
  6.7800E+02  3.4645E-03
  6.7900E+02  3.4633E-03
  6.8000E+02  3.4621E-03
  6.8100E+02  3.4642E-03
  6.8200E+02  3.4668E-03
  6.8300E+02  3.4774E-03
  6.8400E+02  3.4959E-03
  6.8500E+02  3.5253E-03
  6.8600E+02  3.5242E-03
  6.8700E+02  3.5224E-03
  6.8800E+02  3.5215E-03
  6.8900E+02  3.5237E-03
  6.9000E+02  3.5253E-03
  6.9100E+02  3.5264E-03
  6.9200E+02  3.5308E-03
  6.9300E+02  3.5396E-03
  6.9400E+02  3.5530E-03
  6.9500E+02  3.5811E-03
  6.9600E+02  3.5765E-03
  6.9700E+02  3.5716E-03
  6.9800E+02  3.5666E-03
  6.9900E+02  3.5654E-03
  7.0000E+02  3.5678E-03
  7.0100E+02  3.5702E-03
  7.0200E+02  3.5803E-03
  7.0300E+02  3.6013E-03
  7.0400E+02  3.6210E-03
  7.0500E+02  3.6139E-03
  7.0600E+02  3.6069E-03
  7.0700E+02  3.5998E-03
  7.0800E+02  3.6016E-03
  7.0900E+02  3.6214E-03
  7.1000E+02  3.6348E-03
  7.1100E+02  3.6966E-03
  7.1200E+02  3.6830E-03
  7.1300E+02  3.6730E-03
  7.1400E+02  3.6674E-03
  7.1500E+02  3.6618E-03
  7.1600E+02  3.6731E-03
  7.1700E+02  3.7081E-03
  7.1800E+02  3.7433E-03
  7.1900E+02  3.7161E-03
  7.2000E+02  3.7010E-03
  7.2100E+02  3.6981E-03
  7.2200E+02  3.7189E-03
  7.2300E+02  3.8005E-03
  7.2400E+02  3.7504E-03
  7.2500E+02  3.7008E-03
  7.2600E+02  3.7330E-03
  7.2700E+02  3.8566E-03
  7.2800E+02  3.7509E-03
  7.2900E+02  3.6827E-03
  7.3000E+02  3.8847E-03
  7.3100E+02  3.5700E-03
  7.3200E+02  2.2832E-03
  7.3300E+02  1.9899E-03
  7.3400E+02  2.0035E-03
  7.3500E+02  2.0153E-03
  7.3600E+02  2.0271E-03
  7.3700E+02  2.0389E-03
  7.3800E+02  2.0497E-03
  7.3900E+02  2.0602E-03
  7.4000E+02  2.0707E-03
  7.4100E+02  2.0812E-03
  7.4200E+02  2.0917E-03
  7.4300E+02  2.1019E-03
  7.4400E+02  2.1119E-03
  7.4500E+02  2.1220E-03
  7.4600E+02  2.1321E-03
  7.4700E+02  2.1422E-03
  7.4800E+02  2.1523E-03
  7.4900E+02  2.1625E-03
  7.5000E+02  2.1725E-03
  7.5100E+02  2.1825E-03
  7.5200E+02  2.1926E-03
  7.5300E+02  2.2026E-03
  7.5400E+02  2.2226E-03
  7.5500E+02  2.2449E-03
  7.5600E+02  2.2617E-03
  7.5700E+02  2.2786E-03
  7.5800E+02  2.2933E-03
  7.5900E+02  2.3080E-03
  7.6000E+02  2.3227E-03
  7.6100E+02  2.3374E-03
  7.6200E+02  2.3514E-03
  7.6300E+02  2.3652E-03
  7.6400E+02  2.3791E-03
  7.6500E+02  2.3931E-03
  7.6600E+02  2.4071E-03
  7.6700E+02  2.4210E-03
  7.6800E+02  2.4347E-03
  7.6900E+02  2.4488E-03
  7.7000E+02  2.4630E-03
  7.7100E+02  2.4771E-03
  7.7200E+02  2.4913E-03
  7.7300E+02  2.5059E-03
  7.7400E+02  2.5205E-03
  7.7500E+02  2.5491E-03
  7.7600E+02  2.5758E-03
  7.7700E+02  2.5987E-03
  7.7800E+02  2.6197E-03
  7.7900E+02  2.6410E-03
  7.8000E+02  2.6618E-03
  7.8100E+02  2.6826E-03
  7.8200E+02  2.7033E-03
  7.8300E+02  2.7240E-03
  7.8400E+02  2.7446E-03
  7.8500E+02  2.7648E-03
  7.8600E+02  2.7854E-03
  7.8700E+02  2.8064E-03
  7.8800E+02  2.8273E-03
  7.8900E+02  2.8490E-03
  7.9000E+02  2.8712E-03
  7.9100E+02  2.8934E-03
  7.9200E+02  2.9155E-03
  7.9300E+02  2.9387E-03
  7.9400E+02  2.9623E-03
  7.9500E+02  3.0100E-03
  7.9600E+02  3.0444E-03
  7.9700E+02  3.0788E-03
  7.9800E+02  3.1109E-03
  7.9900E+02  3.1431E-03
  8.0000E+02  3.1782E-03
  8.0100E+02  3.2128E-03
  8.0200E+02  3.2471E-03
  8.0300E+02  3.2815E-03
  8.0400E+02  3.3158E-03
  8.0500E+02  3.3521E-03
  8.0600E+02  3.3905E-03
  8.0700E+02  3.4306E-03
  8.0800E+02  3.4708E-03
  8.0900E+02  3.5120E-03
  8.1000E+02  3.5563E-03
  8.1100E+02  3.6017E-03
  8.1200E+02  3.6470E-03
  8.1300E+02  3.7160E-03
  8.1400E+02  3.7858E-03
  8.1500E+02  3.8537E-03
  8.1600E+02  3.9226E-03
  8.1700E+02  3.9947E-03
  8.1800E+02  4.0670E-03
  8.1900E+02  4.1407E-03
  8.2000E+02  4.2311E-03
  8.2100E+02  4.3267E-03
  8.2200E+02  4.4223E-03
  8.2300E+02  4.5268E-03
  8.2400E+02  4.6516E-03
  8.2500E+02  4.7846E-03
  8.2600E+02  4.9458E-03
  8.2700E+02  5.1265E-03
  8.2800E+02  5.3129E-03
  8.2900E+02  5.6228E-03
  8.3000E+02  5.9769E-03
  8.3100E+02  6.5361E-03
  8.3200E+02  7.4052E-03
  8.3300E+02  7.8940E-03
  8.3400E+02  6.7098E-03
  8.3500E+02  5.8134E-03
  8.3600E+02  5.7897E-03
  8.3700E+02  5.1368E-03
  8.3800E+02  5.2789E-03
  8.3900E+02  5.2791E-03
  8.4000E+02  4.9840E-03
  8.4100E+02  4.7492E-03
  8.4200E+02  4.6284E-03
  8.4300E+02  4.5077E-03
  8.4400E+02  4.1624E-03
  8.4500E+02  4.1370E-03
  8.4600E+02  4.1507E-03
  8.4700E+02  4.0993E-03
  8.4800E+02  4.0145E-03
  8.4900E+02  3.9859E-03
  8.5000E+02  4.0097E-03
  8.5100E+02  3.9116E-03
  8.5200E+02  3.8135E-03
  8.5300E+02  3.7154E-03
  8.5400E+02  3.5191E-03
  8.5500E+02  3.4830E-03
  8.5600E+02  3.4468E-03
  8.5700E+02  3.3869E-03
  8.5800E+02  3.2929E-03
  8.5900E+02  3.1988E-03
  8.6000E+02  3.2095E-03
  8.6100E+02  3.3258E-03
  8.6200E+02  3.2419E-03
  8.6300E+02  3.1579E-03
  8.6400E+02  3.0740E-03
  8.6500E+02  2.9186E-03
  8.6600E+02  2.8828E-03
  8.6700E+02  2.8471E-03
  8.6800E+02  2.8057E-03
  8.6900E+02  2.7221E-03
  8.7000E+02  2.6384E-03
  8.7100E+02  2.5868E-03
  8.7200E+02  2.5777E-03
  8.7300E+02  2.5892E-03
  8.7400E+02  2.5623E-03
  8.7500E+02  2.4886E-03
  8.7600E+02  2.3125E-03
  8.7700E+02  2.2790E-03
  8.7800E+02  2.2456E-03
  8.7900E+02  2.2121E-03
  8.8000E+02  2.1786E-03
  8.8100E+02  2.1037E-03
  8.8200E+02  2.0265E-03
  8.8300E+02  1.9549E-03
  8.8400E+02  1.9407E-03
  8.8500E+02  1.9431E-03
  8.8600E+02  1.8987E-03
  8.8700E+02  1.8368E-03
  8.8800E+02  1.7749E-03
  8.8900E+02  1.6285E-03
  8.9000E+02  1.5994E-03
  8.9100E+02  1.5703E-03
  8.9200E+02  1.5412E-03
  8.9300E+02  1.5119E-03
  8.9400E+02  1.4616E-03
  8.9500E+02  1.4112E-03
  8.9600E+02  1.3680E-03
  8.9700E+02  1.3061E-03
  8.9800E+02  1.2545E-03
  8.9900E+02  1.2029E-03
  9.0000E+02  1.1512E-03
  9.0100E+02  1.0996E-03
  9.0200E+02  1.0405E-03
  9.0300E+02  1.0575E-03
  9.0400E+02  1.0648E-03
  9.0500E+02  9.4987E-04
  9.0600E+02  8.3494E-04
  9.0700E+02  7.2000E-04
  9.0800E+02  0.0000E+00
  9.0900E+02  0.0000E+00
  9.1000E+02  0.0000E+00
  9.1100E+02  0.0000E+00
  9.1200E+02  0.0000E+00
  9.1300E+02  0.0000E+00
  9.1400E+02  0.0000E+00
  9.1500E+02  0.0000E+00
  9.1600E+02  0.0000E+00
  9.1700E+02  0.0000E+00
  9.1800E+02  0.0000E+00
  9.1900E+02  0.0000E+00
  9.2000E+02  0.0000E+00
  9.2100E+02  0.0000E+00
  9.2200E+02  0.0000E+00
  9.2300E+02  0.0000E+00
  9.2400E+02  0.0000E+00
  9.2500E+02  0.0000E+00
  9.2600E+02  0.0000E+00
  9.2700E+02  0.0000E+00
  9.2800E+02  0.0000E+00
  9.2900E+02  0.0000E+00
  9.3000E+02  0.0000E+00
  9.3100E+02  0.0000E+00
  9.3200E+02  0.0000E+00
  9.3300E+02  0.0000E+00
  9.3400E+02  0.0000E+00
  9.3500E+02  0.0000E+00
  9.3600E+02  0.0000E+00
  9.3700E+02  0.0000E+00
  9.3800E+02  0.0000E+00
  9.3900E+02  0.0000E+00
  9.4000E+02  2.1204E-02
  9.4100E+02  1.4876E-02
  9.4200E+02  1.3833E-02
  9.4300E+02  1.2623E-02
  9.4400E+02  1.1750E-02
  9.4500E+02  1.1431E-02
  9.4600E+02  1.0899E-02
  9.4700E+02  1.0564E-02
  9.4800E+02  1.0476E-02
  9.4900E+02  1.0273E-02
  9.5000E+02  1.0214E-02
  9.5100E+02  1.0125E-02
  9.5200E+02  1.0017E-02
  9.5300E+02  1.0007E-02
  9.5400E+02  1.0059E-02
  9.5500E+02  1.0114E-02
  9.5600E+02  1.0132E-02
  9.5700E+02  1.0119E-02
  9.5800E+02  1.0139E-02
  9.5900E+02  1.0206E-02
  9.6000E+02  1.0401E-02
  9.6100E+02  1.0509E-02
  9.6200E+02  1.0631E-02
  9.6300E+02  1.0743E-02
  9.6400E+02  1.0818E-02
  9.6500E+02  1.0935E-02
  9.6600E+02  1.1101E-02
  9.6700E+02  1.1349E-02
  9.6800E+02  1.1542E-02
  9.6900E+02  1.1783E-02
  9.7000E+02  1.1988E-02
  9.7100E+02  1.2160E-02
  9.7200E+02  1.2347E-02
  9.7300E+02  1.2614E-02
  9.7400E+02  1.3103E-02
  9.7500E+02  1.3410E-02
  9.7600E+02  1.3666E-02
  9.7700E+02  1.3946E-02
  9.7800E+02  1.4415E-02
  9.7900E+02  1.5017E-02
  9.8000E+02  1.5546E-02
  9.8100E+02  1.6148E-02
  9.8200E+02  1.6765E-02
  9.8300E+02  1.7217E-02
  9.8400E+02  1.8415E-02
  9.8500E+02  1.9890E-02
  9.8600E+02  2.0806E-02
  9.8700E+02  2.4295E-02
  9.8800E+02  2.6500E-02
  9.8900E+02  3.1400E-02
  9.9000E+02  2.4286E-02
  9.9100E+02  2.2259E-02
  9.9200E+02  1.9937E-02
  9.9300E+02  1.8977E-02
  9.9400E+02  1.7757E-02
  9.9500E+02  1.6962E-02
  9.9600E+02  1.6360E-02
  9.9700E+02  1.5770E-02
  9.9800E+02  1.5149E-02
  9.9900E+02  1.4699E-02
  1.0000E+03  1.4260E-02
  1.0010E+03  1.3847E-02
  1.0020E+03  1.3545E-02
  1.0030E+03  1.3222E-02
  1.0040E+03  1.2913E-02
  1.0050E+03  1.2606E-02
  1.0060E+03  1.2321E-02
  1.0070E+03  1.2201E-02
  1.0080E+03  1.1991E-02
  1.0090E+03  1.1712E-02
  1.0100E+03  1.1468E-02
  1.0110E+03  1.1283E-02
  1.0120E+03  1.1358E-02
  1.0130E+03  1.1057E-02
  1.0140E+03  1.0810E-02
  1.0150E+03  1.0676E-02
  1.0160E+03  1.0939E-02
  1.0170E+03  1.0532E-02
  1.0180E+03  1.0469E-02
  1.0190E+03  1.0339E-02
  1.0200E+03  1.0547E-02
  1.0210E+03  9.8876E-03
  1.0220E+03  1.1266E-02
  1.0230E+03  2.5962E-03
  1.0240E+03  2.6173E-03
  1.0250E+03  2.6390E-03
  1.0260E+03  2.6610E-03
  1.0270E+03  2.6830E-03
  1.0280E+03  2.7055E-03
  1.0290E+03  2.7280E-03
  1.0300E+03  2.7505E-03
  1.0310E+03  2.7731E-03
  1.0320E+03  2.7961E-03
  1.0330E+03  2.8242E-03
  1.0340E+03  2.8508E-03
  1.0350E+03  2.8770E-03
  1.0360E+03  2.9034E-03
  1.0370E+03  2.9300E-03
  1.0380E+03  2.9565E-03
  1.0390E+03  2.9833E-03
  1.0400E+03  3.0102E-03
  1.0410E+03  3.0370E-03
  1.0420E+03  3.0640E-03
  1.0430E+03  3.0912E-03
  1.0440E+03  3.1299E-03
  1.0450E+03  3.1643E-03
  1.0460E+03  3.1975E-03
  1.0470E+03  3.2308E-03
  1.0480E+03  3.2638E-03
  1.0490E+03  3.2969E-03
  1.0500E+03  3.3299E-03
  1.0510E+03  3.3630E-03
  1.0520E+03  3.3961E-03
  1.0530E+03  3.4294E-03
  1.0540E+03  3.4627E-03
  1.0550E+03  3.5178E-03
  1.0560E+03  3.5639E-03
  1.0570E+03  3.6079E-03
  1.0580E+03  3.6507E-03
  1.0590E+03  3.6933E-03
  1.0600E+03  3.7355E-03
  1.0610E+03  3.7777E-03
  1.0620E+03  3.8199E-03
  1.0630E+03  3.8620E-03
  1.0640E+03  3.9042E-03
  1.0650E+03  3.9463E-03
  1.0660E+03  4.0408E-03
  1.0670E+03  4.1021E-03
  1.0680E+03  4.1601E-03
  1.0690E+03  4.2164E-03
  1.0700E+03  4.2725E-03
  1.0710E+03  4.3277E-03
  1.0720E+03  4.3830E-03
  1.0730E+03  4.4383E-03
  1.0740E+03  4.4932E-03
  1.0750E+03  4.5558E-03
  1.0760E+03  4.7156E-03
  1.0770E+03  4.7952E-03
  1.0780E+03  4.8724E-03
  1.0790E+03  4.9477E-03
  1.0800E+03  5.0231E-03
  1.0810E+03  5.0971E-03
  1.0820E+03  5.1710E-03
  1.0830E+03  5.2581E-03
  1.0840E+03  5.4436E-03
  1.0850E+03  5.5743E-03
  1.0860E+03  5.7079E-03
  1.0870E+03  5.8269E-03
  1.0880E+03  5.9298E-03
  1.0890E+03  6.0326E-03
  1.0900E+03  6.2746E-03
  1.0910E+03  6.4661E-03
  1.0920E+03  6.6351E-03
  1.0930E+03  6.7995E-03
  1.0940E+03  6.9631E-03
  1.0950E+03  7.3485E-03
  1.0960E+03  7.6490E-03
  1.0970E+03  7.9094E-03
  1.0980E+03  8.2433E-03
  1.0990E+03  8.8273E-03
  1.1000E+03  9.2481E-03
  1.1010E+03  1.0153E-02
  1.1020E+03  1.0997E-02
  1.1030E+03  1.3170E-02
  1.1040E+03  1.6279E-02
  1.1050E+03  1.1581E-02
  1.1060E+03  1.1113E-02
  1.1070E+03  1.0367E-02
  1.1080E+03  9.4606E-03
  1.1090E+03  9.2568E-03
  1.1100E+03  9.0299E-03
  1.1110E+03  8.7619E-03
  1.1120E+03  8.2681E-03
  1.1130E+03  8.1629E-03
  1.1140E+03  8.0592E-03
  1.1150E+03  7.9538E-03
  1.1160E+03  7.8045E-03
  1.1170E+03  7.6084E-03
  1.1180E+03  7.4203E-03
  1.1190E+03  7.3413E-03
  1.1200E+03  7.2580E-03
  1.1210E+03  7.1772E-03
  1.1220E+03  7.0843E-03
  1.1230E+03  6.9824E-03
  1.1240E+03  6.8734E-03
  1.1250E+03  6.8071E-03
  1.1260E+03  6.7408E-03
  1.1270E+03  6.6735E-03
  1.1280E+03  6.6059E-03
  1.1290E+03  6.5339E-03
  1.1300E+03  6.4419E-03
  1.1310E+03  6.4047E-03
  1.1320E+03  6.3684E-03
  1.1330E+03  6.3093E-03
  1.1340E+03  6.2500E-03
  1.1350E+03  6.1920E-03
  1.1360E+03  6.1354E-03
  1.1370E+03  6.0793E-03
  1.1380E+03  6.0426E-03
  1.1390E+03  6.0253E-03
  1.1400E+03  5.9702E-03
  1.1410E+03  5.9168E-03
  1.1420E+03  5.8665E-03
  1.1430E+03  5.8279E-03
  1.1440E+03  5.7866E-03
  1.1450E+03  5.7574E-03
  1.1460E+03  5.7368E-03
  1.1470E+03  5.6818E-03
  1.1480E+03  5.6356E-03
  1.1490E+03  5.6041E-03
  1.1500E+03  5.5724E-03
  1.1510E+03  5.5353E-03
  1.1520E+03  5.5329E-03
  1.1530E+03  5.4696E-03
  1.1540E+03  5.4283E-03
  1.1550E+03  5.4352E-03
  1.1560E+03  5.3749E-03
  1.1570E+03  5.3541E-03
  1.1580E+03  5.3276E-03
  1.1590E+03  5.2664E-03
  1.1600E+03  5.3010E-03
  1.1610E+03  5.2352E-03
  1.1620E+03  5.2462E-03
  1.1630E+03  5.1672E-03
  1.1640E+03  5.1235E-03
  1.1650E+03  5.1415E-03
  1.1660E+03  5.1632E-03
  1.1670E+03  5.0252E-03
  1.1680E+03  5.1322E-03
  1.1690E+03  5.0866E-03
  1.1700E+03  4.9078E-03
  1.1710E+03  5.0562E-03
  1.1720E+03  4.9212E-03
  1.1730E+03  5.1267E-03
  1.1740E+03  0.0000E+00
